1741223949.1660566,0
1741223949.3214898,0
1741223949.4490094,8
1741223949.575646,10
1741223949.7032886,10
1741223949.8335452,9
1741223949.9599557,10
1741223950.0907195,10
1741223950.22428,9
1741223950.3541358,10
1741223950.4806633,7
1741223950.607543,9
1741223950.7367857,8
1741223950.8663142,9
1741223950.995663,8
1741223951.1213143,9
1741223951.2479,9
1741223951.3738976,9
1741223951.501748,9
1741223951.6325426,9
1741223951.7610085,9
1741223951.888042,10
1741223952.0171175,9
1741223952.1484442,9
1741223952.2771697,10
1741223952.4045374,10
1741223952.534955,8
1741223952.6624286,10
1741223952.7894971,8
1741223952.9159358,8
1741223953.083659,7
1741223953.2116416,10
1741223953.3430264,9
1741223953.472964,10
1741223953.610193,10
1741223953.7442617,10
1741223953.881277,10
1741223954.0079648,9
1741223954.1361134,10
1741223954.2703032,9
1741223954.4001548,9
1741223954.5254343,6
1741223954.65267,9
1741223954.7812455,8
1741223954.9070032,9
1741223955.0337827,10
1741223955.1640594,8
1741223955.292371,9
1741223955.4177265,10
1741223955.546963,7
1741223955.6727905,9
1741223955.80043,10
1741223955.9288468,10
1741223956.0548372,7
1741223956.181928,8
1741223956.3084605,9
1741223956.434595,8
1741223956.5632255,10
1741223956.6929834,10
1741223956.824261,10
1741223956.9554977,8
1741223957.0890772,10
1741223957.2191079,7
1741223957.3450565,8
1741223957.4726362,8
1741223957.5997016,9
1741223957.7330105,9
1741223957.862592,9
1741223957.9991157,10
1741223958.1306236,10
1741223958.2646482,8
1741223958.397595,8
1741223958.5303755,9
1741223958.6580262,9
1741223958.7908368,10
1741223958.9221575,10
1741223959.0547292,6
1741223959.1837819,3
1741223959.3141994,4
1741223959.441775,6
1741223959.5692468,6
1741223959.69794,5
1741223959.8268797,7
1741223959.9553025,6
1741223960.0833778,7
1741223960.2128077,7
1741223960.3418112,7
1741223960.470106,7
1741223960.5988154,7
1741223960.727882,8
1741223960.8560827,10
1741223960.9838812,9
1741223961.112072,9
1741223961.2400136,8
1741223961.3686032,7
1741223961.4963996,7
1741223961.6243181,8
1741223961.753414,9
1741223961.8831406,7
1741223962.01288,7
1741223962.1410358,7
1741223962.2679613,10
1741223962.397931,9
1741223962.5242035,9
1741223962.6511931,8
1741223962.7792287,10
1741223962.908157,10
1741223963.040569,9
1741223963.1694036,9
1741223963.2981362,7
1741223963.4248488,7
1741223963.5517254,6
1741223963.67923,10
1741223963.8080726,9
1741223963.9407163,9
1741223964.0689218,9
1741223964.1975045,9
1741223964.325915,8
1741223964.4555047,7
1741223964.5851512,7
1741223964.715594,10
1741223964.8515847,9
1741223964.9835055,9
1741223965.112114,9
1741223965.2444878,8
1741223965.3720653,8
1741223965.5014658,9
1741223965.6353376,9
1741223965.766704,10
1741223965.896723,9
1741223966.0249527,9
1741223966.157474,10
1741223966.2860718,10
1741223966.4135115,9
1741223966.541297,9
1741223966.6675766,9
1741223966.8010921,10
1741223966.9287117,10
1741223967.0576825,9
1741223967.1853151,8
1741223967.3127646,10
1741223967.438744,10
1741223967.5698328,10
1741223967.7000015,9
1741223967.8271449,9
1741223967.9610007,10
1741223968.0883014,9
1741223968.2171369,9
1741223968.3483834,9
1741223968.477158,10
1741223968.6043558,9
1741223968.7307181,8
1741223968.8582258,9
1741223968.9922216,9
1741223969.1252964,10
1741223969.2541351,10
1741223969.3839648,8
1741223969.5164263,6
1741223969.646587,6
1741223969.7772636,6
1741223969.9139705,7
1741223970.040964,6
1741223970.1700773,7
1741223970.298758,7
1741223970.4294958,7
1741223970.5564682,8
1741223970.685496,8
1741223970.8169737,10
1741223970.9452791,9
1741223971.0732918,9
1741223971.2013493,9
1741223971.3313122,9
1741223971.4573376,9
1741223971.5856812,9
1741223971.714098,9
1741223971.8444395,9
1741223971.972409,9
1741223972.0995827,8
1741223972.2275114,10
1741223972.3568847,10
1741223972.4825253,10
1741223972.607946,9
1741223972.7390966,9
1741223972.8670213,10
1741223972.9946678,9
1741223973.1283336,10
1741223973.2621531,10
1741223973.3901649,9
1741223973.5170994,10
1741223973.644656,8
1741223973.7711005,8
1741223973.8992503,7
1741223974.0274937,8
1741223974.1563103,9
1741223974.287466,9
1741223974.4154186,7
1741223974.5460193,6
1741223974.673138,9
1741223974.8000584,9
1741223974.929826,10
1741223975.0570135,9
1741223975.1921554,10
1741223975.3230028,10
1741223975.4533236,10
1741223975.581444,9
1741223975.711856,9
1741223975.8390894,9
1741223975.965301,8
1741223976.0939777,9
1741223976.2221363,8
1741223976.350021,9
1741223976.4756315,9
1741223976.605949,9
1741223976.7374415,9
1741223976.8673463,9
1741223976.995859,10
1741223977.1235054,8
1741223977.2570693,9
1741223977.3849378,8
1741223977.5190685,9
1741223977.6470273,9
1741223977.7759147,9
1741223977.9038942,9
1741223978.0322928,10
1741223978.1626606,10
1741223978.29064,9
1741223978.4200048,10
1741223978.5481045,8
1741223978.67709,7
1741223978.8040807,9
1741223978.9382892,7
1741223979.0637379,8
1741223979.1977174,7
1741223979.326498,7
1741223979.4522967,10
1741223979.5809093,9
1741223979.710492,9
1741223979.8391554,10
1741223979.966882,10
1741223980.1014328,10
1741223980.2320116,9
1741223980.35921,6
1741223980.4875188,5
1741223980.6189504,5
1741223980.749415,4
1741223980.8804715,6
1741223981.0087252,5
1741223981.1371617,6
1741223981.2654064,7
1741223981.39658,7
1741223981.5266416,8
1741223981.6553013,8
1741223981.783437,8
1741223981.9137845,8
1741223982.0468683,8
1741223982.1743147,8
1741223982.3019946,10
1741223982.431358,8
1741223982.5633228,8
1741223982.6906745,6
1741223982.820182,7
1741223982.9460616,8
1741223983.073498,8
1741223983.2028818,8
1741223983.3311193,7
1741223983.459549,9
1741223983.5852196,10
1741223983.713211,9
1741223983.8421416,7
1741223983.9686801,8
1741223984.0961497,9
1741223984.2249134,10
1741223984.35483,8
1741223984.4840927,8
1741223984.6114662,10
1741223984.7397,10
1741223984.8707805,10
1741223984.999438,9
1741223985.1268206,9
1741223985.2579803,8
1741223985.391535,8
1741223985.5214937,8
1741223985.6500363,10
1741223985.7800689,10
1741223985.9096916,9
1741223986.0369482,9
1741223986.1685078,10
1741223986.2998273,8
1741223986.425563,10
1741223986.5535846,9
1741223986.6820452,8
1741223986.814489,8
1741223986.9425275,9
1741223987.0715582,8
1741223987.2006989,9
1741223987.3327634,10
1741223987.461165,10
1741223987.5892305,8
1741223987.7217214,8
1741223987.853941,10
1741223987.9802616,8
1741223988.1068752,10
1741223988.2354248,7
1741223988.3616831,8
1741223988.489397,5
1741223988.6162074,4
1741223988.7443042,4
1741223988.8713887,4
1741223989.0053945,5
1741223989.134707,6
1741223989.2637477,6
1741223989.3917134,6
1741223989.5224626,7
1741223989.6521974,7
1741223989.7799869,7
1741223989.9078856,8
1741223990.0387363,7
1741223990.171125,8
1741223990.3004236,8
1741223990.4289103,9
1741223990.5602698,9
1741223990.6920166,8
1741223990.8195992,9
1741223990.9487507,10
1741223991.0780745,10
1741223991.212501,9
1741223991.3504329,10
1741223991.4810855,9
1741223991.6118503,9
1741223991.7370038,10
1741223991.8697193,10
1741223992.003066,8
1741223992.13195,8
1741223992.2601383,10
1741223992.3871608,9
1741223992.5131793,9
1741223992.6416912,9
1741223992.7700837,10
1741223992.8954012,8
1741223993.0279388,8
1741223993.1641037,8
1741223993.2991953,10
1741223993.427457,9
1741223993.5614078,10
1741223993.6911094,9
1741223993.820748,9
1741223993.9536228,9
1741223994.0811841,8
1741223994.21775,8
1741223994.3499928,8
1741223994.4777272,8
1741223994.6080568,6
1741223994.7358196,6
1741223994.865262,8
1741223994.9914517,7
1741223995.1228414,8
1741223995.252675,9
1741223995.3869495,9
1741223995.5125053,10
1741223995.6414297,10
1741223995.7752397,9
1741223995.9101963,10
1741223996.0387998,9
1741223996.1677005,10
1741223996.2987902,9
1741223996.4242399,9
1741223996.5519702,10
1741223996.678281,9
1741223996.8053744,9
1741223996.9358172,8
1741223997.0677207,9
1741223997.1990094,10
1741223997.3250968,9
1741223997.4553497,6
1741223997.5814402,5
1741223997.7103648,5
1741223997.8399835,3
1741223997.9745462,5
1741223998.1026487,6
1741223998.2326384,6
1741223998.361335,5
1741223998.4890776,7
1741223998.6156032,6
1741223998.7438679,7
1741223998.8724775,7
1741223999.0015502,8
1741223999.1303017,8
1741223999.2603412,9
1741223999.38919,10
1741223999.5175214,9
1741223999.6483493,8
1741223999.7759228,9
1741223999.9035811,10
1741224000.034195,8
1741224000.1642838,8
1741224000.2929902,9
1741224000.4220948,9
1741224000.5535235,9
1741224000.682141,9
1741224000.8096757,10
1741224000.9397633,10
1741224001.0705538,9
1741224001.1991653,9
1741224001.328391,10
1741224001.4568107,8
1741224001.5828733,8
1741224001.710984,8
1741224001.8408756,10
1741224001.9715972,10
1741224002.0987296,9
1741224002.2313883,9
1741224002.3671722,10
1741224002.500053,9
1741224002.6301136,7
1741224002.755587,9
1741224002.8829956,8
1741224003.0125852,7
1741224003.1403148,9
1741224003.2717707,9
1741224003.4041703,8
1741224003.5317898,9
1741224003.6586704,10
1741224003.7880828,10
1741224003.9210908,9
1741224004.0493212,9
1741224004.174748,10
1741224004.3029356,10
1741224004.432058,10
1741224004.5595176,8
1741224004.6886923,10
1741224004.8179069,9
1741224004.9500196,9
1741224005.0815961,10
1741224005.2091758,10
1741224005.3368535,8
1741224005.4647,7
1741224005.5957427,8
1741224005.7248523,8
1741224005.8512237,8
1741224005.9794745,8
1741224006.10805,10
1741224006.2359548,10
1741224006.3643801,8
1741224006.491397,9
1741224006.6265736,8
1741224006.7581484,9
1741224006.8950841,10
1741224007.0246336,9
1741224007.1610835,10
1741224007.293838,10
1741224007.4270587,9
1741224007.5633316,10
1741224007.6918912,9
1741224007.8257837,9
1741224007.9536974,9
1741224008.0883842,10
1741224008.2168128,10
1741224008.3456125,7
1741224008.470701,7
1741224008.5964794,9
1741224008.724352,10
1741224008.8516867,7
1741224008.9779923,9
1741224009.106319,9
1741224009.2324922,9
1741224009.359352,5
1741224009.4847114,5
1741224009.61324,5
1741224009.7412388,5
1741224009.8713171,4
1741224009.999135,6
1741224010.1273856,7
1741224010.2553961,7
1741224010.3855479,6
1741224010.5160904,7
1741224010.645765,7
1741224010.7740085,8
1741224010.9044132,8
1741224011.036791,8
1741224011.1663766,9
1741224011.2947843,9
1741224011.4252028,10
1741224011.5549257,9
1741224011.685233,9
1741224011.8141437,7
1741224011.9404492,5
1741224012.068341,7
1741224012.1973875,8
