1741225446.1233826,0
1741225446.2530732,0
1741225446.3789537,0
1741225446.5064192,0
1741225446.634631,0
1741225446.7597573,0
1741225446.895189,0
1741225447.0222657,0
1741225447.1478302,0
1741225447.2756157,0
1741225447.4031024,7
1741225447.534986,14
1741225447.6712189,16
1741225447.8085465,18
1741225447.9419034,17
1741225448.069747,16
1741225448.2019806,10
1741225448.330286,7
1741225448.458149,5
1741225448.5836554,3
1741225448.716724,3
1741225448.8462808,3
1741225448.9755712,1
1741225449.107918,2
1741225449.2385967,1
1741225449.3689373,3
1741225449.495813,8
1741225449.6307545,13
1741225449.7614982,19
1741225449.893012,24
1741225450.0252485,24
1741225450.1654794,25
1741225450.292777,21
1741225450.4218426,16
1741225450.5525043,10
1741225450.683912,3
1741225450.8155534,2
1741225450.9521055,0
1741225451.0818539,3
1741225451.2123225,1
1741225451.340156,0
1741225451.4684398,0
1741225451.5992315,0
1741225451.733369,3
1741225451.8714728,3
1741225451.9990997,4
1741225452.125078,4
1741225452.2509108,2
1741225452.3790975,1
1741225452.5124218,2
1741225452.6479938,0
1741225452.7797024,2
1741225452.9147902,3
1741225453.0454547,1
1741225453.1760583,1
1741225453.3028648,1
1741225453.4314086,2
1741225453.5603073,0
1741225453.6917078,5
1741225453.8289168,4
1741225453.9651945,6
1741225454.092876,4
1741225454.2292907,6
1741225454.3590086,7
1741225454.48705,7
1741225454.6164277,2
1741225454.7503865,4
1741225454.879122,4
1741225455.0102787,1
1741225455.1377392,3
1741225455.2720299,3
1741225455.4018874,1
1741225455.53035,0
1741225455.6597388,1
1741225455.7883432,1
1741225455.9201353,1
1741225456.0482616,0
1741225456.1782434,0
1741225456.310384,0
1741225456.4387865,0
1741225456.5662432,1
1741225456.6951127,1
1741225456.8255894,2
1741225456.95312,0
1741225457.0803087,0
1741225457.2090814,0
1741225457.3380258,1
1741225457.4664924,0
1741225457.593598,1
1741225457.7231605,3
1741225457.8512673,2
1741225457.986449,2
1741225458.1159685,4
1741225458.2450283,4
1741225458.3723726,3
1741225458.5004084,5
1741225458.630393,5
1741225458.7559705,1
1741225458.882263,0
1741225459.016233,2
1741225459.1479616,2
1741225459.2781212,2
1741225459.4046018,1
1741225459.5319662,2
1741225459.658074,6
1741225459.7849164,8
1741225459.915213,9
1741225460.0457718,3
1741225460.1725624,3
1741225460.303627,0
1741225460.4298196,0
1741225460.5676644,0
1741225460.69506,2
1741225460.8255317,1
1741225460.956315,0
1741225461.0888379,3
1741225461.2194805,0
1741225461.3477042,0
1741225461.477819,0
1741225461.6089795,2
1741225461.73631,0
1741225461.8718128,5
1741225462.0019605,3
1741225462.1313028,4
1741225462.2591846,1
1741225462.387335,6
1741225462.5148299,6
1741225462.6424873,3
1741225462.7758672,4
1741225462.9041557,7
1741225463.0333903,8
1741225463.160138,7
1741225463.2905295,9
1741225463.4183092,8
1741225463.5438786,5
1741225463.672326,7
1741225463.8012838,4
1741225463.9308255,6
1741225464.065829,3
1741225464.1937478,0
1741225464.3218687,0
1741225464.451092,0
1741225464.5761406,0
1741225464.702994,0
1741225464.8341427,0
1741225464.9641714,0
1741225465.097528,2
1741225465.2279677,1
1741225465.3614285,0
1741225465.4935331,1
1741225465.6209178,0
1741225465.7716048,1
1741225465.9062445,0
1741225466.0336192,2
1741225466.1606948,3
1741225466.2902443,4
1741225466.421333,2
1741225466.5524817,3
1741225466.6859794,2
1741225466.8297513,0
1741225466.9580858,0
1741225467.0870535,2
1741225467.216749,2
1741225467.3445668,0
1741225467.4725623,0
1741225467.59846,0
1741225467.7230585,3
1741225467.853421,4
1741225467.9850726,1
1741225468.1169784,1
1741225468.246063,2
1741225468.3773816,4
1741225468.5049832,2
1741225468.6334798,3
1741225468.7632306,3
1741225468.894254,2
1741225469.0230548,2
1741225469.1540213,4
1741225469.284534,5
1741225469.4221818,6
1741225469.5554256,4
1741225469.6855512,5
1741225469.819788,5
1741225469.9492495,7
1741225470.0771961,2
1741225470.2093718,3
1741225470.3464496,0
1741225470.4761593,2
1741225470.6031446,3
1741225470.7341692,1
1741225470.865369,5
1741225470.9997299,0
1741225471.1256683,4
1741225471.2538629,1
1741225471.3854597,1
1741225471.5208032,2
1741225471.652734,3
1741225471.7829936,1
1741225471.9148555,2
1741225472.049707,3
1741225472.1766088,4
1741225472.3091414,0
1741225472.436181,1
1741225472.5642385,2
1741225472.6962464,1
1741225472.831688,2
1741225472.9616287,4
1741225473.0886703,5
1741225473.2159867,7
1741225473.3462086,7
1741225473.475292,5
1741225473.6047626,7
1741225473.7405024,5
1741225473.872015,2
1741225474.0082788,4
1741225474.1386173,1
1741225474.2659383,0
1741225474.3935826,0
1741225474.5240333,3
1741225474.6510448,2
1741225474.7799616,0
1741225474.9181552,1
1741225475.04561,0
1741225475.1732914,0
1741225475.306065,2
1741225475.441309,2
1741225475.5760355,1
1741225475.7082174,4
1741225475.839981,2
1741225475.9708977,2
1741225476.0987823,1
1741225476.2273319,1
1741225476.3594315,1
1741225476.48799,0
1741225476.6226556,2
1741225476.7576575,2
1741225476.884967,1
1741225477.0102227,1
1741225477.1379383,0
1741225477.2680018,0
1741225477.4043057,0
1741225477.5332735,1
1741225477.663881,0
1741225477.7888525,8
1741225477.9231462,8
1741225478.053799,6
1741225478.1813996,5
1741225478.310942,3
1741225478.4443648,3
1741225478.5722814,5
1741225478.701886,5
1741225478.8306994,2
1741225478.9609392,3
1741225479.0905879,2
1741225479.2245736,3
1741225479.3533502,2
1741225479.4848819,3
1741225479.6159103,3
1741225479.7429402,3
1741225479.878577,2
1741225480.0072305,2
1741225480.1421943,5
1741225480.273882,5
1741225480.4097767,8
1741225480.5403173,6
1741225480.66834,5
1741225480.7983375,6
1741225480.9262173,5
1741225481.0571365,0
1741225481.1887465,5
1741225481.320419,0
1741225481.4478645,0
1741225481.5754902,3
1741225481.70765,2
1741225481.8394165,0
1741225481.9658883,0
1741225482.0935907,0
1741225482.2220414,0
1741225482.355187,3
1741225482.489338,4
1741225482.6273656,6
1741225482.7579782,4
1741225482.8870816,4
1741225483.0201976,5
1741225483.1485753,4
1741225483.2777786,5
1741225483.4031413,1
1741225483.5356412,2
1741225483.6729808,2
1741225483.8010042,0
1741225483.929151,1
1741225484.0554745,4
1741225484.1907103,1
1741225484.3198218,1
1741225484.4470074,0
1741225484.5758772,0
1741225484.70904,0
1741225484.8394582,0
1741225484.966578,1
1741225485.0970106,0
1741225485.2247522,1
1741225485.359406,2
1741225485.4874108,2
1741225485.6200905,0
1741225485.748543,2
1741225485.8779285,2
1741225486.0043561,3
1741225486.1303856,0
1741225486.2577183,0
1741225486.3871927,0
1741225486.5185275,0
1741225486.6461482,0
1741225486.7773917,0
1741225486.9082384,0
1741225487.038054,2
1741225487.1676395,1
1741225487.29431,6
1741225487.4207118,0
1741225487.5516722,1
1741225487.678197,3
1741225487.8114197,5
1741225487.9393072,2
1741225488.069983,3
1741225488.2033796,5
1741225488.3297503,2
1741225488.4581306,1
1741225488.5893686,3
1741225488.7165298,3
1741225488.8484857,6
1741225488.9780052,4
1741225489.10841,3
1741225489.2378075,2
1741225489.3664632,1
1741225489.4940019,0
1741225489.6222405,0
1741225489.753354,3
1741225489.8884468,1
1741225490.0171065,3
1741225490.146507,0
1741225490.2810488,1
1741225490.4122834,1
1741225490.5460563,4
1741225490.6762757,1
1741225490.8082485,3
1741225490.934593,0
1741225491.0626156,1
1741225491.189528,0
1741225491.323305,1
1741225491.4516325,2
1741225491.5809472,0
1741225491.7134957,1
1741225491.8411174,2
1741225491.9752731,1
1741225492.108388,0
1741225492.2432885,2
1741225492.3779073,1
1741225492.5077949,1
1741225492.6418266,3
1741225492.7726643,1
1741225492.900767,2
1741225493.0304556,3
1741225493.160748,1
1741225493.288271,3
1741225493.4161873,1
1741225493.547292,0
1741225493.6741025,0
1741225493.8026712,1
1741225493.933682,0
1741225494.0601695,0
1741225494.186375,0
1741225494.3129554,0
1741225494.4419482,6
1741225494.5724258,6
1741225494.6993785,3
1741225494.826688,4
1741225494.9550955,0
1741225495.081125,1
1741225495.2093937,5
1741225495.3371034,5
1741225495.470921,7
1741225495.6001816,7
1741225495.7297404,7
1741225495.861684,6
1741225495.9962459,7
1741225496.1263142,5
1741225496.253139,7
1741225496.3839486,2
1741225496.5114431,2
1741225496.6421196,2
1741225496.7700384,4
1741225496.897807,5
1741225497.0278504,2
1741225497.156312,4
1741225497.286373,3
1741225497.4185355,2
1741225497.544878,4
1741225497.6727045,4
1741225497.8028662,1
1741225497.9346058,1
1741225498.0623827,0
1741225498.193156,3
1741225498.3240747,4
1741225498.4523873,1
1741225498.582273,5
1741225498.7118576,1
1741225498.8444376,0
1741225498.973305,2
1741225499.1015906,3
1741225499.2301123,0
1741225499.3547518,1
1741225499.4819643,2
1741225499.6098478,1
1741225499.7387745,0
1741225499.8659341,1
1741225499.9937267,0
1741225500.1215694,0
1741225500.249307,0
1741225500.3764105,2
1741225500.506273,1
1741225500.6348808,0
1741225500.7609644,1
1741225500.8894498,1
1741225501.0234134,0
1741225501.1538863,0
1741225501.283134,2
1741225501.4091034,2
1741225501.536534,4
1741225501.6699257,4
1741225501.8035653,1
1741225501.930235,3
1741225502.0593054,4
1741225502.1885142,0
1741225502.3146029,9
1741225502.4429893,4
1741225502.5693028,5
1741225502.6966016,3
1741225502.829592,4
1741225502.958886,4
1741225503.0854135,5
1741225503.219448,5
1741225503.3500917,8
1741225503.4805546,6
1741225503.607705,6
1741225503.7348516,8
1741225503.8658862,10
1741225503.9939957,9
1741225504.1209953,8
1741225504.2492301,5
1741225504.3765836,2
1741225504.5033472,1
1741225504.6369917,3
1741225504.7648814,1
1741225504.897295,5
1741225505.0283628,6
1741225505.1605513,2
1741225505.286618,6
1741225505.4142456,3
1741225505.542982,2
1741225505.6706228,1
1741225505.7985973,2
1741225505.925123,2
1741225506.0613728,1
1741225506.1883643,2
1741225506.317727,4
1741225506.4458025,4
1741225506.5794342,2
1741225506.7119198,2
1741225506.8466747,0
1741225506.9754252,2
1741225507.109748,0
1741225507.2422786,0
1741225507.3766563,0
1741225507.506908,0
1741225507.6358206,0
1741225507.76424,0
1741225507.8968089,2
1741225508.0256896,2
1741225508.1531901,3
1741225508.2839708,3
1741225508.4155443,2
1741225508.549874,4
1741225508.6796968,5
1741225508.8060403,2
1741225508.935235,2
1741225509.0640996,1
1741225509.1937783,0
1741225509.3193576,0
1741225509.4493504,0
1741225509.5843523,1
